$ANSIBLE_VAULT;1.1;AES256
32383836663632373830636662373834636363616337313066653532666266373237613639346234
3565643832363932306238653837343533356532306534370a383465326639313363386634613833
62376432363264646633643564663261396139353130396662343933643233633234383161373363
3561323037306139330a633039313933366139363834616139393563366130326230613465396435
61333132303338376665313831316534626562383665653438653739353165646634623466656131
31653236373162393432373134376239626665383365613965353066393331353533663731333061
37666434323736303632303533316132366538303832623433363238656538306338333538396562
38373663383430376262636632376563313333633437376166313637623432383637616136336230
39303065373630303430353964323531643637343937666361373736306265336363316263646530
34663164386235323333373337626561336232656266313535323862316134393463363233623361
64373765336333666638623735643735373935633361623166306532613437366436613434303538
38303138303231383238663432646138346530313330376437366562376262653237653931656666
30633865616533643139366562353337396334396536316430356432633631346231343538343030
31356462333634623766646338363465643830313233646332353034356535396334366338323361
65633961656163393263353264323531633164333031313162303661633065363866396565306330
32323636636530633434303363643735356638383566313237313966343532656134316531343733
38643366623532633035653630653864373637643637303662616530613663626363613437613061
66326431343765613034343934653933396235373837373735643934306538316634306336313837
33386636366165613762353634633666393334393736396666326535656465333561666135343637
30346633623839666136353764646666363736383837663034666636353137623531366161663130
30313962386536323462393330616637323566663232333362346132356338346139636239636236
34643335613839656636623034353865303236663339643265393164356261363433643536333966
39633538346565303533346538646262653564393739316163646439663339633737636436656336
37326462326636376132666364343838623933666432626265316165353239663132386434343236
39306662616233326335396165346466646665313635306365313364626665356633363238613865
66353732613932373132353334663338616164643635306361343932353731303933346230373237
63663163646434306663393262366132633638633864646430613130653265346139643538643937
64393036353937346634303031613661616437383461643062336361666364363836613631356430
35623937363432383838343864323932336562666637613162356631396565383864343865323836
35643539373461656335366432356264623962613733633634653032383334313235303064626139
33313761663364366337643831396337613137316461613038666665326331373363343934636632
65376663623237336434653631366438646265333465646138363761383565343831356330616363
61656361623638363365363566353237396436323036343731666334366164323865326430366462
30623664363061323939366164623466336462373262623661646435356331383337613763303431
65646133623039303266373966323534346333376630396665653864366633306234666430383864
37376362306265396133313663366264313337303961646130653930646234343737613038623062
62633537663832326531633038363365306662643532396364646136333562643238616661623931
63366634646633346138306666663862613832313765353236356532653931383333363131666265
61393034626266653665353339353736383635666463653665343664653935646135646437623836
35333239306564363538643963363934356335383362376134333839613331353639383362333636
63313364363039346536343432613233373236373765383434323232316238323530666136393139
61616132663038316235303763316636313032386533333030316661666338373566333664346432
62623534393637663861626264343736353432376461343133663566383630643135623337306337
66633739626233366536306266346632656135363463346332323866623835343437613033393632
35366439663034313665356534633134623736373861643033653266626638376530306261393736
33386133373730396633656264643364346666373637623461326236623430656430366439313834
34303737656138363330613734333466633636663235363734386433383063613034336564376161
34623963356336323031373537356131313535373736396630316164373337623664663965373964
34653137373839653334613931346338356239303464613061343035346663303137353539343962
38363262353737363831343435326638313561646666303439343238366133366537643932393863
65623465633561386261376565393265303831383032323232373163316265613530383164343234
64386162616337313663393330633330663634333863373935303934616666663634623963386465
39346538643530623435633366643636643763336132326332353134366263366539623164386262
37663935663234646462363432316535333666353133393430303437643366383566643838303830
30616234393432396334393737383132316463313661373261396162363863383033383066356634
63303466326639333033366163633262336136333763626135313866363965396236663161613438
65633835373031366536336437653238393533333636623065353036626235333734343637336666
33386532353764346636303033343764346139656431663665666266633233383530626562393933
35666333363634323637393862613433326230333062663961333761623234396135313135366236
39666631646436633631613832643037333363386338613765343535393334623834353463386235
35373166383732653765353465343635643264633132313237366237643830326437653666303635
33626332313335346164336230346134643836616333346264626438613437326534643337333831
36386138366365303935306461363531623936333066303663373461323932376466613334656533
30323434356566363932393163643464393332323637306534326564343630333938323266636335
63306638646433356563346364613065323338333035663839616264313737663232306134323463
62626537386636616563346233353735396666306132626530613534356261623930393865616636
32663338396131653835333038366432386466383336336363383730376132666232356662343461
65303737363239333564383631373266663563646333363330396533376562396530653263323632
39363864376635656137303464343766333338623165316562336531303864646462303938666530
33663532303435396162316537306437653535643664306431313936643831383463626438306133
33633633646632373866383833303765613164636231623730393261316430326336366638363930
66663131313666613132313836643234376564366464313632653639643065646539313437346364
30623036363033666237373737666338326634613461376561346436343861613563653837633265
66316261633936336463616661363136373863323937383539666333616365656366326434383164
62653639623139656366383239303063616135386536323331306363636564396238396637326635
35383862656639303836626565386366646138363039643863666636313236626635303463616337
31323265393939366136623633363733616361363239643264643762376430363338393731623133
32363133363536643838383831326164653032626463313733346563323035373532356562613834
61373761363764616665623161326361636130383834363031613266343061376238643533626565
36643631626535626162333232633361656265306262376139313534396261303631306630616132
34323732356466663932653632343239386361616537616665656433353330616435663866303935
66643333323134343833336135363430633932666431316661356237343166313335316134303231
33663038653237306139633938396434376465626437383338353562636439626135313833386431
34323664663136323265643462613035316632646262623961616434393739623262613537393233
33303762313335393666633961396531633032643937363933626265663733326637636333326439
34343264373162373235383038376131306231323362616631616433333934663830646262396432
37343132633030633363376161656335343038353332356333636563353939626336353166353237
65663033363530613335316630616164323435616661613931643365666239316561363861326235
30323232376432376631646230386137663364323964333763633832363931303334363733613738
39323964353931653535333337623832616562333261326635633563333166663638313065623735
37643362303364376262303238383962633766366632623533353962313332373630636130303664
39313330356366376530356435313864623131386563316666323035323239333763623264346236
33653763356537663433653732653335363666663666393461663136656235376366383436626163
30353663656637353534626434643437666335663939663236646232636636393462356634393434
63613831316331656632333866643762616233363133303034343064303464613763353063643566
34393833366639663862653766376131363763373836626339643163303539646431333139633330
30356663373866613533613633306165373263653637643031663236306466323063303636393763
61336436313337336630333535333632646236316266656465333832303534323132666239353538
61396232303062353339636632376637626362383630636132666537393330343839646134343162
65353237303761306535396237643763656237626263336534613434653430623332643863666431
63306465366462353032383732636237303935396164393037346635383361323930616531613664
38633361653631323932616462323139616630393433653061373564353662313635353661616332
64303033656165343465326464386336376666313233316663363436393765353132646130323834
34316239613632643136623163656237373334346234303164633433363763356136643831396134
38623731313530656330353437303362366534363266346237396561353564666338346530666261
32303631376539656434643463633434303530306166376230626139663139333963366530373764
31313736313461633364383663373730616631306538303034656163386162386331373466626661
66363266643734626366333063386636663163343534313432386531353863323537653436393066
66666263313838356138633039323265643938613362366631316236353231346136626132376633
38626539663137333062343738386632373761383531626162396331626636323361656435316566
34353439353733303861623137313439316230663636383936336530393965356430626362643835
33323435343165373366323334373833393330396538373763376633353436376662363533336666
65313265393035613138373435336566646661633337373631373533643061333132363861356334
38326631643330343434623063613434386236323061373532313831353266663031653637336438
39313762303861643936623237323439323632383832623136313835626466366365313437336332
39373036363339313436343938653862613335633166313666666133323961636231636334356163
32353263643662343936346133303434316531353432353732323830366564363738323833323531
36613766383134393261356136376331653338633562376365323832633039363264383738646633
61643561653134356530333963623866343334376530393037643166363939623639623139396237
38653639343335306231613466356230663636343763366163643938326635333263366266303161
65613965666532393164363538663361306664303636373563313530643966373065383038396265
35313265633533333333366435336162306431356439396533646364343434376333306233333735
65346331613964373838643764666431316161313339613738643633396630386535666365376334
38306133623630663361353361323263643464626564316462343533633034323132643366616266
38363764646138383137323631386661623133623161616661396537323936346661323038666164
62316135363363643562343931396635353565633434663130336537653964366535313133316663
39376437663137363764393861313461313362613262623535316663656135363861306163303037
66633633633232656266363562623761356633646666353062346630636134343166656466323862
38663030666533633164366134643066643933323236306638396137303865626563366566303661
39643036396235346132623466326365326333333737646331313730393633316137383837653132
37666334396461636636343535383466373039326133366239356633656561616630646637633231
37373565366331636364633766373134623334316430633235323366386262643132343462623532
33383239663431613933366564346166323135383938353537366237313933376364653433643361
33306233313766343438316633636639343433626233306230363739306466343838316661376139
306564666366616162666439396164306334
